0,0.0142857,0.0285714,0.0428571,0.0571429,0.0714286,0.0857143,0.1,0.114286,0.128571,0.142857,0.157143,0.171429,0.185714,0.2,0.214286,0.228571,0.242857,0.257143,0.271429,0.285714,0.3,0.314286,0.328571,0.342857,0.357143,0.371429,0.385714,0.4,0.414286,0.428571,0.442857,0.457143,0.471429,0.485714,0.5,0.514286,0.528571,0.542857,0.557143,0.571429,0.585714,0.6,0.614286,0.628571,0.642857,0.657143,0.671429,0.685714,0.7
0,0.0142857,0.0285714,0.0428571,0.0571429,0.0714286,0.0857143,0.1,0.114286,0.128571,0.142857,0.157143,0.171429,0.185714,0.2,0.214286,0.228571,0.242857,0.257143,0.271429,0.285714,0.3,0.314286,0.328571,0.342857,0.357143,0.371429,0.385714,0.4,0.414286,0.428571,0.442857,0.457143,0.471429,0.485714,0.5,0.514286,0.528571,0.542857,0.557143,0.571428,0.585714,0.599998,0.614278,0.628547,0.642781,0.656907,0.670731,0.683828,0.695717
0,0.0142857,0.0285714,0.0428571,0.0571429,0.0714286,0.0857143,0.1,0.114286,0.128571,0.142857,0.157143,0.171429,0.185714,0.2,0.214286,0.228571,0.242857,0.257143,0.271429,0.285714,0.3,0.314286,0.328571,0.342857,0.357143,0.371429,0.385714,0.4,0.414286,0.428571,0.442857,0.457143,0.471429,0.485714,0.5,0.514286,0.528571,0.542856,0.557141,0.571423,0.585698,0.599954,0.614164,0.628256,0.642086,0.655403,0.667955,0.679756,0.691257
0,0.0142857,0.0285714,0.0428571,0.0571429,0.0714286,0.0857143,0.1,0.114286,0.128571,0.142857,0.157143,0.171429,0.185714,0.2,0.214286,0.228571,0.242857,0.257143,0.271429,0.285714,0.3,0.314286,0.328571,0.342857,0.357143,0.371429,0.385714,0.4,0.414286,0.428571,0.442857,0.457143,0.471429,0.485714,0.5,0.514284,0.528568,0.542848,0.55712,0.57137,0.585572,0.599666,0.613539,0.627014,0.639898,0.652123,0.663854,0.675405,0.686982
0,0.0142857,0.0285714,0.0428571,0.0571429,0.0714286,0.0857143,0.1,0.114286,0.128571,0.142857,0.157143,0.171429,0.185714,0.2,0.214286,0.228571,0.242857,0.257143,0.271429,0.285714,0.3,0.314286,0.328571,0.342857,0.357143,0.371429,0.385714,0.4,0.414286,0.428571,0.442857,0.457143,0.471428,0.485712,0.499995,0.514274,0.528544,0.542793,0.556995,0.571102,0.585025,0.598625,0.611743,0.624283,0.636296,0.647978,0.659544,0.671113,0.682688
0,0.0142857,0.0285714,0.0428571,0.0571429,0.0714286,0.0857143,0.1,0.114286,0.128571,0.142857,0.157143,0.171429,0.185714,0.2,0.214286,0.228571,0.242857,0.257143,0.271429,0.285714,0.3,0.314286,0.328571,0.342857,0.357143,0.371429,0.385714,0.4,0.414286,0.428571,0.442856,0.457141,0.471423,0.485702,0.499971,0.51422,0.528427,0.542552,0.55652,0.570224,0.583526,0.596318,0.608594,0.620466,0.632114,0.643686,0.655254,0.666826,0.6784
0,0.0142857,0.0285714,0.0428571,0.0571429,0.0714286,0.0857143,0.1,0.114286,0.128571,0.142857,0.157143,0.171429,0.185714,0.2,0.214286,0.228571,0.242857,0.257143,0.271429,0.285714,0.3,0.314286,0.328571,0.342857,0.357143,0.371428,0.385714,0.4,0.414285,0.428569,0.442851,0.457129,0.471399,0.48565,0.499864,0.514006,0.528017,0.541807,0.555259,0.568264,0.580777,0.592856,0.604633,0.616257,0.62783,0.639399,0.65097,0.662543,0.674117
0,0.0142857,0.0285714,0.0428571,0.0571429,0.0714286,0.0857143,0.1,0.114286,0.128571,0.142857,0.157143,0.171429,0.185714,0.2,0.214286,0.228571,0.242857,0.257143,0.271429,0.285714,0.3,0.314286,0.328571,0.342857,0.357143,0.371428,0.385713,0.399997,0.41428,0.428558,0.442828,0.457082,0.471303,0.485462,0.499511,0.513374,0.526951,0.540137,0.552865,0.56515,0.577084,0.588797,0.600404,0.611977,0.623547,0.635118,0.64669,0.658263,0.669837
0,0.0142857,0.0285714,0.0428571,0.0571429,0.0714286,0.0857143,0.1,0.114286,0.128571,0.142857,0.157143,0.171429,0.185714,0.2,0.214286,0.228571,0.242857,0.257143,0.271429,0.285714,0.3,0.314286,0.328571,0.342857,0.357142,0.371426,0.385708,0.399987,0.414258,0.428514,0.442743,0.456918,0.471,0.484926,0.498608,0.511949,0.524871,0.537357,0.54946,0.56129,0.572959,0.584554,0.596127,0.607697,0.619268,0.630839,0.642412,0.653985,0.665559
0,0.0142857,0.0285714,0.0428571,0.0571429,0.0714286,0.0857143,0.1,0.114286,0.128571,0.142857,0.157143,0.171429,0.185714,0.2,0.214286,0.228571,0.242857,0.257143,0.271429,0.285714,0.3,0.314285,0.32857,0.342854,0.357137,0.371416,0.385688,0.399948,0.414183,0.428373,0.442483,0.456462,0.470234,0.483709,0.496805,0.509482,0.521762,0.533726,0.54548,0.557119,0.568706,0.580278,0.591848,0.603419,0.614991,0.626563,0.638136,0.64971,0.661284
0,0.0142857,0.0285714,0.0428571,0.0571429,0.0714286,0.0857143,0.1,0.114286,0.128571,0.142857,0.157143,0.171429,0.185714,0.2,0.214286,0.228571,0.242857,0.257143,0.271428,0.285714,0.299999,0.314283,0.328566,0.342845,0.357119,0.371381,0.385622,0.399825,0.413961,0.427985,0.441833,0.455424,0.468676,0.481532,0.493988,0.506101,0.51796,0.52966,0.541278,0.55286,0.564432,0.576002,0.587573,0.599144,0.610716,0.622289,0.633862,0.645436,0.65701
0,0.0142857,0.0285714,0.0428571,0.0571429,0.0714286,0.0857143,0.1,0.114286,0.128571,0.142857,0.157143,0.171429,0.185714,0.2,0.214286,0.228571,0.242857,0.257142,0.271427,0.285712,0.299995,0.314275,0.32855,0.342815,0.357061,0.371275,0.385433,0.399495,0.413408,0.4271,0.440489,0.453512,0.466143,0.478411,0.490391,0.502171,0.513833,0.525436,0.537015,0.548586,0.560156,0.571727,0.583299,0.594871,0.606443,0.618016,0.62959,0.641163,0.652738
0,0.0142857,0.0285714,0.0428571,0.0571429,0.0714286,0.0857143,0.1,0.114286,0.128571,0.142857,0.157143,0.171429,0.185714,0.2,0.214285,0.228571,0.242856,0.25714,0.271424,0.285704,0.29998,0.314248,0.3285,0.342723,0.356899,0.370995,0.384964,0.398741,0.412253,0.425428,0.438227,0.450656,0.462768,0.474644,0.486367,0.498002,0.509595,0.521171,0.532742,0.544312,0.555883,0.567455,0.579026,0.590599,0.602172,0.613745,0.625318,0.636892,0.648466
0,0.0142857,0.0285714,0.0428571,0.0571429,0.0714286,0.0857143,0.1,0.114286,0.128571,0.142857,0.157143,0.171428,0.185714,0.199999,0.214285,0.228569,0.242853,0.257134,0.271411,0.285681,0.299937,0.314169,0.328361,0.342485,0.356501,0.370353,0.383971,0.397286,0.410245,0.422835,0.435089,0.447074,0.458871,0.470551,0.482167,0.493753,0.505327,0.516898,0.528469,0.54004,0.551611,0.563183,0.574755,0.586328,0.597901,0.609474,0.621048,0.632622,0.644196
0,0.0142857,0.0285714,0.0428571,0.0571429,0.0714286,0.0857143,0.1,0.114286,0.128571,0.142857,0.157143,0.171428,0.185713,0.199998,0.214281,0.228563,0.242841,0.257113,0.271373,0.285613,0.299819,0.313967,0.328023,0.341938,0.355651,0.369091,0.3822,0.394948,0.40735,0.419456,0.431342,0.443079,0.454728,0.466331,0.477912,0.489485,0.501056,0.512626,0.524197,0.535769,0.547341,0.558913,0.570485,0.582058,0.593631,0.605205,0.616778,0.628352,0.639927
0,0.0142857,0.0285714,0.0428571,0.0571429,0.0714286,0.0857143,0.0999999,0.114286,0.128571,0.142857,0.157142,0.171427,0.18571,0.199993,0.214272,0.228545,0.242809,0.257055,0.271272,0.285441,0.299532,0.313502,0.327296,0.340848,0.354096,0.366998,0.37955,0.391787,0.403773,0.41558,0.427273,0.4389,0.450493,0.462071,0.473643,0.485214,0.496784,0.508356,0.519927,0.531499,0.543071,0.554644,0.566216,0.577789,0.589363,0.600936,0.61251,0.624084,0.635658
0,0.0142857,0.0285714,0.0428571,0.0571428,0.0714285,0.0857142,0.0999998,0.114285,0.128571,0.142855,0.157139,0.171422,0.185702,0.199977,0.214244,0.228496,0.242723,0.256909,0.271029,0.285046,0.29891,0.312562,0.325937,0.338986,0.351688,0.364063,0.376161,0.38805,0.399798,0.411458,0.423068,0.434655,0.44623,0.457802,0.469372,0.480943,0.492514,0.504086,0.515658,0.52723,0.538802,0.550375,0.561948,0.573521,0.585095,0.596668,0.608242,0.619816,0.63139
0,0.0142857,0.0285714,0.0428571,0.0571427,0.0714284,0.0857139,0.0999992,0.114284,0.128568,0.142851,0.157132,0.171408,0.185678,0.199935,0.21417,0.228371,0.242516,0.256573,0.270499,0.284238,0.297728,0.310915,0.323766,0.336282,0.348501,0.360485,0.372298,0.384,0.395635,0.407234,0.418816,0.43039,0.441961,0.453532,0.465103,0.476674,0.488246,0.499817,0.51139,0.522962,0.534535,0.546107,0.55768,0.569254,0.580827,0.592401,0.603975,0.615549,0.627123
0,0.0142857,0.0285713,0.0428569,0.0571425,0.0714278,0.0857128,0.0999972,0.114281,0.128562,0.14284,0.157111,0.171372,0.185615,0.199829,0.213995,0.228086,0.242064,0.25588,0.269474,0.282789,0.295783,0.308443,0.320791,0.332879,0.344769,0.356523,0.36819,0.379808,0.391399,0.402977,0.41455,0.426121,0.437692,0.449263,0.460834,0.472406,0.483978,0.49555,0.507122,0.518695,0.530267,0.54184,0.553414,0.564987,0.57656,0.588134,0.599708,0.611282,0.622856
0,0.0142856,0.0285711,0.0428565,0.0571416,0.0714261,0.0857097,0.0999916,0.11427,0.128544,0.142809,0.157058,0.171282,0.185466,0.199587,0.21361,0.227493,0.241179,0.254612,0.267742,0.280545,0.293027,0.305228,0.317206,0.329023,0.340731,0.352373,0.363977,0.375562,0.387138,0.39871,0.410281,0.421852,0.433423,0.444995,0.456566,0.468138,0.47971,0.491283,0.502855,0.514428,0.526001,0.537574,0.549147,0.560721,0.572294,0.583868,0.595442,0.607016,0.61859
0,0.0142853,0.0285703,0.042855,0.0571389,0.0714212,0.085701,0.0999763,0.114244,0.128499,0.142732,0.156931,0.171077,0.185139,0.199079,0.212847,0.226387,0.239646,0.252588,0.265208,0.277531,0.289607,0.301495,0.313253,0.324927,0.33655,0.348145,0.359725,0.3713,0.382871,0.394442,0.406013,0.417584,0.429156,0.440727,0.452299,0.463871,0.475444,0.487016,0.498589,0.510162,0.521735,0.533308,0.544881,0.556455,0.568029,0.579603,0.591176,0.602751,0.614325
0,0.0142843,0.0285682,0.0428509,0.0571314,0.0714081,0.0856783,0.0999376,0.114179,0.128391,0.142557,0.156653,0.170644,0.184483,0.198119,0.211498,0.224575,0.237333,0.249783,0.261966,0.273937,0.285754,0.297466,0.309113,0.320722,0.33231,0.343888,0.355461,0.367033,0.378604,0.390175,0.401746,0.413317,0.424889,0.436461,0.448033,0.459605,0.471178,0.48275,0.494323,0.505896,0.517469,0.529043,0.540616,0.55219,0.563764,0.575337,0.586911,0.598486,0.61006
0,0.0142818,0.0285623,0.0428399,0.0571122,0.0713752,0.0856231,0.0998464,0.114031,0.128155,0.142188,0.156091,0.169813,0.183301,0.196506,0.209401,0.221983,0.234281,0.246344,0.258229,0.269988,0.281666,0.293293,0.304892,0.316475,0.328051,0.339623,0.351194,0.362765,0.374336,0.385908,0.397479,0.409051,0.420623,0.432195,0.443767,0.45534,0.466912,0.478485,0.490058,0.501631,0.513204,0.524778,0.536351,0.547925,0.559499,0.571073,0.582647,0.594221,0.605795
0,0.0142753,0.0285475,0.0428128,0.0570657,0.0712981,0.0854975,0.0996456,0.113716,0.127673,0.141472,0.155059,0.168385,0.181413,0.194128,0.206548,0.218712,0.230675,0.24249,0.254205,0.265856,0.277469,0.28906,0.300639,0.312213,0.323785,0.335356,0.346927,0.358498,0.37007,0.381641,0.393213,0.404785,0.416357,0.427929,0.439502,0.451075,0.462647,0.47422,0.485793,0.497367,0.50894,0.520513,0.532087,0.543661,0.555234,0.566808,0.578382,0.589957,0.601531
0,0.0142597,0.0285124,0.0427498,0.0569605,0.0711284,0.0852302,0.0992344,0.1131,0.126777,0.140214,0.15337,0.166218,0.178764,0.191038,0.203088,0.214968,0.226728,0.238408,0.250039,0.26164,0.273226,0.284803,0.296376,0.307947,0.319519,0.33109,0.342661,0.354232,0.365804,0.377376,0.388948,0.40052,0.412092,0.423665,0.435237,0.44681,0.458383,0.469956,0.481529,0.493102,0.504676,0.516249,0.527823,0.539397,0.55097,0.562544,0.574118,0.585693,0.597267
0,0.0142242,0.0284339,0.0426121,0.0567369,0.0707794,0.0847019,0.0984584,0.111998,0.125274,0.138254,0.150929,0.163319,0.175465,0.187419,0.199232,0.210948,0.222601,0.234217,0.24581,0.257391,0.268966,0.280539,0.29211,0.303681,0.315252,0.326824,0.338395,0.349967,0.361538,0.37311,0.384683,0.396255,0.407827,0.4194,0.430973,0.442546,0.454119,0.465692,0.477265,0.488838,0.500412,0.511985,0.523559,0.535133,0.546707,0.558281,0.569855,0.581429,0.593003
0,0.0141487,0.0282692,0.0423299,0.0562934,0.0701148,0.083744,0.0971312,0.110237,0.123041,0.135552,0.147802,0.159839,0.171713,0.183472,0.195154,0.206787,0.21839,0.229978,0.241556,0.25313,0.264702,0.276273,0.287844,0.299415,0.310987,0.322558,0.33413,0.345702,0.357274,0.368846,0.380418,0.391991,0.403563,0.415136,0.426709,0.438282,0.449855,0.461428,0.473001,0.484575,0.496148,0.507722,0.519296,0.53087,0.542444,0.554018,0.565592,0.577166,0.58874
0,0.0139979,0.0279462,0.0417927,0.0554823,0.0689599,0.0821781,0.0951063,0.10774,0.120099,0.132226,0.144169,0.155978,0.167694,0.179349,0.190966,0.202562,0.214144,0.22572,0.237293,0.248865,0.260436,0.272007,0.283578,0.29515,0.306721,0.318293,0.329865,0.341437,0.353009,0.364582,0.376154,0.387727,0.3993,0.410872,0.422445,0.434018,0.445592,0.457165,0.468738,0.480312,0.491885,0.503459,0.515033,0.526607,0.538181,0.549755,0.561329,0.572903,0.584477
0,0.0137193,0.0273628,0.0408578,0.0541403,0.0671629,0.0799033,0.0923676,0.104586,0.116603,0.128467,0.140222,0.151903,0.163537,0.175143,0.186731,0.19831,0.209885,0.221457,0.233028,0.2446,0.256171,0.267742,0.279313,0.290885,0.302457,0.314029,0.325601,0.337173,0.348746,0.360318,0.371891,0.383463,0.395036,0.406609,0.418182,0.429755,0.441329,0.452902,0.464475,0.476049,0.487622,0.499196,0.51077,0.522344,0.533918,0.545492,0.557066,0.56864,0.580215
0,0.0132538,0.0264151,0.0394052,0.0521706,0.0646897,0.0769717,0.089048,0.10096,0.112752,0.124458,0.136109,0.147724,0.159318,0.170901,0.182477,0.19405,0.205621,0.217192,0.228763,0.240335,0.251906,0.263477,0.275049,0.286621,0.298193,0.309765,0.321337,0.33291,0.344482,0.356055,0.367627,0.3792,0.390773,0.402346,0.413919,0.425492,0.437066,0.448639,0.460213,0.471786,0.48336,0.494934,0.506507,0.518081,0.529655,0.541229,0.552804,0.564378,0.575952
0,0.0125761,0.0250753,0.0374399,0.0496413,0.0616802,0.0735775,0.0853631,0.0970675,0.108717,0.12033,0.131923,0.143503,0.155077,0.166648,0.178218,0.189788,0.201358,0.212928,0.224499,0.23607,0.247642,0.259213,0.270785,0.282357,0.293929,0.305501,0.317074,0.328646,0.340219,0.351792,0.363364,0.374937,0.38651,0.398083,0.409657,0.42123,0.432803,0.444377,0.45595,0.467524,0.479098,0.490671,0.502245,0.513819,0.525393,0.536967,0.548541,0.560116,0.57169
0,0.0117536,0.0234823,0.03517,0.0468121,0.0584142,0.0699869,0.0815415,0.0930874,0.104631,0.116176,0.127726,0.139279,0.150837,0.162398,0.173962,0.185529,0.197097,0.208666,0.220236,0.231807,0.243378,0.25495,0.266522,0.278094,0.289666,0.301238,0.312811,0.324383,0.335956,0.347529,0.359102,0.370675,0.382248,0.393821,0.405394,0.416968,0.428541,0.440115,0.451688,0.463262,0.474836,0.486409,0.497983,0.509557,0.521131,0.532705,0.54428,0.555854,0.567428
0,0.0109498,0.0219287,0.0329608,0.0440618,0.0552386,0.0664899,0.0778093,0.0891874,0.100614,0.112078,0.123573,0.135089,0.146622,0.158167,0.16972,0.181279,0.192842,0.204409,0.215977,0.227546,0.239117,0.250688,0.262259,0.273831,0.285403,0.296976,0.308548,0.320121,0.331694,0.343266,0.354839,0.366413,0.377986,0.389559,0.401132,0.412706,0.424279,0.435853,0.447426,0.459,0.470574,0.482148,0.493722,0.505296,0.51687,0.528444,0.540018,0.551592,0.563166
0,0.0103208,0.0206927,0.0311596,0.0417538,0.0524927,0.0633792,0.0744047,0.0855531,0.0968045,0.108139,0.119538,0.130985,0.142469,0.15398,0.165509,0.177051,0.188603,0.200161,0.211724,0.22329,0.234858,0.246428,0.257998,0.26957,0.281142,0.292714,0.304286,0.315859,0.327432,0.339004,0.350577,0.362151,0.373724,0.385297,0.39687,0.408444,0.420017,0.431591,0.443165,0.454738,0.466312,0.477886,0.48946,0.501034,0.512608,0.524182,0.535756,0.547331,0.558905
0,0.00991582,0.0198759,0.0299222,0.0400912,0.0504115,0.0609009,0.0715651,0.0823984,0.0933858,0.104507,0.115738,0.127058,0.138446,0.149886,0.161365,0.172871,0.184397,0.195937,0.207488,0.219045,0.230608,0.242173,0.253741,0.265311,0.276882,0.288453,0.300025,0.311597,0.32317,0.334743,0.346316,0.357889,0.369462,0.381035,0.392609,0.404182,0.415756,0.42733,0.438903,0.450477,0.462051,0.473625,0.485199,0.496773,0.508347,0.519921,0.531495,0.543069,0.554644
0,0.00969169,0.0194121,0.0291904,0.0390562,0.0490384,0.0591633,0.0694515,0.0799157,0.0905586,0.101373,0.112343,0.123449,0.134668,0.145977,0.157356,0.168789,0.180262,0.191764,0.203287,0.214825,0.226374,0.237931,0.249492,0.261058,0.272626,0.284195,0.295766,0.307337,0.318909,0.330482,0.342055,0.353628,0.365201,0.376774,0.388348,0.399921,0.411495,0.423068,0.434642,0.446216,0.45779,0.469364,0.480938,0.492512,0.504086,0.51566,0.527234,0.538808,0.550383
0,0.00958096,0.0191777,0.0288072,0.0384883,0.0482426,0.0580935,0.0680655,0.0781814,0.0884601,0.0989131,0.109543,0.120344,0.1313,0.142392,0.153599,0.164897,0.176268,0.187694,0.199161,0.210659,0.222179,0.233715,0.245262,0.256818,0.268379,0.279943,0.291511,0.30308,0.314651,0.326222,0.337795,0.349367,0.36094,0.372513,0.384087,0.39566,0.407234,0.418807,0.430381,0.441955,0.453529,0.465103,0.476677,0.488251,0.499825,0.511399,0.522973,0.534547,0.546122
0,0.00953093,0.0190697,0.0286249,0.038207,0.0478292,0.0575073,0.0672607,0.0771109,0.0870811,0.0971931,0.107465,0.117909,0.128527,0.139315,0.150257,0.161337,0.172531,0.183819,0.195181,0.2066,0.218062,0.229555,0.241072,0.252606,0.264151,0.275706,0.287266,0.29883,0.310397,0.321966,0.333537,0.345108,0.356681,0.368253,0.379826,0.3914,0.402973,0.414547,0.42612,0.437694,0.449268,0.460842,0.472416,0.48399,0.495564,0.507138,0.518712,0.530287,0.541861
0,0.00951009,0.0190237,0.028545,0.038079,0.0476329,0.0572158,0.0668398,0.0765202,0.0862753,0.0961263,0.106095,0.116204,0.126469,0.136904,0.147511,0.158286,0.169215,0.180282,0.191465,0.202742,0.214096,0.225508,0.236964,0.248453,0.259967,0.271498,0.283042,0.294594,0.306154,0.317717,0.329284,0.340853,0.352423,0.363995,0.375567,0.38714,0.398713,0.410286,0.42186,0.433434,0.445007,0.456581,0.468155,0.479729,0.491303,0.502878,0.514452,0.526026,0.5376
0,0.00950214,0.0190058,0.0285127,0.0380252,0.0475468,0.0570822,0.0666381,0.0762235,0.0858501,0.0955328,0.10529,0.115141,0.125109,0.135213,0.145472,0.155898,0.166494,0.177257,0.188173,0.199228,0.210399,0.221667,0.233012,0.244416,0.255867,0.267352,0.278862,0.290391,0.301933,0.313484,0.325042,0.336605,0.348172,0.35974,0.371311,0.382882,0.394454,0.406027,0.4176,0.429174,0.440747,0.452321,0.463895,0.475469,0.487043,0.498617,0.510192,0.521766,0.53334
0,0.00949945,0.0189995,0.0285008,0.0380045,0.047512,0.0570256,0.0665487,0.076086,0.085644,0.0952317,0.104861,0.114545,0.124304,0.134155,0.144121,0.154222,0.164474,0.174891,0.185477,0.196227,0.207132,0.218174,0.229334,0.240592,0.251929,0.263326,0.274771,0.286252,0.297758,0.309284,0.320824,0.332375,0.343932,0.355494,0.36706,0.378628,0.390198,0.40177,0.413342,0.424915,0.436488,0.448061,0.459635,0.471209,0.482783,0.494357,0.505931,0.517506,0.52908
0,0.00949876,0.0189977,0.0284972,0.0379975,0.0474994,0.0570037,0.0665122,0.076027,0.0855516,0.0950905,0.104651,0.11424,0.123871,0.133558,0.143317,0.153169,0.163132,0.173229,0.183476,0.193884,0.204459,0.215198,0.226091,0.237121,0.24827,0.259518,0.270846,0.282237,0.293676,0.305152,0.316656,0.328179,0.339717,0.351266,0.362822,0.374383,0.385949,0.397517,0.409087,0.420658,0.43223,0.443803,0.455376,0.46695,0.478523,0.490097,0.501671,0.513246,0.52482
0,0.00949874,0.0189976,0.0284965,0.0379958,0.0474956,0.0569964,0.0664989,0.076004,0.0855133,0.0950293,0.104555,0.114096,0.123658,0.133249,0.142882,0.15257,0.16233,0.172181,0.182143,0.192236,0.202476,0.212876,0.223441,0.234169,0.245049,0.256068,0.267207,0.278445,0.289765,0.301149,0.312583,0.324054,0.335554,0.347074,0.35861,0.370157,0.381713,0.393273,0.404838,0.416406,0.427975,0.439547,0.451119,0.462691,0.474265,0.485838,0.497412,0.508986,0.520561
0,0.00949893,0.0189979,0.0284969,0.0379959,0.0474952,0.0569948,0.066495,0.0759962,0.0854992,0.095005,0.104515,0.114032,0.123559,0.133101,0.142665,0.152258,0.161893,0.171582,0.181343,0.191193,0.201153,0.211241,0.221475,0.231867,0.242422,0.253139,0.264008,0.275016,0.286143,0.297373,0.308684,0.320061,0.331489,0.342956,0.354452,0.36597,0.377504,0.38905,0.400604,0.412164,0.423728,0.435295,0.446865,0.458436,0.470008,0.48158,0.493154,0.504728,0.516302
0,0.00949915,0.0189983,0.0284975,0.0379966,0.0474959,0.0569952,0.0664947,0.0759946,0.0854951,0.0949968,0.1045,0.114007,0.123518,0.133036,0.142564,0.152108,0.161673,0.171268,0.180904,0.190594,0.200355,0.210204,0.220162,0.230246,0.240474,0.250857,0.261403,0.272109,0.282967,0.293963,0.305081,0.316301,0.327604,0.338974,0.350397,0.361859,0.373352,0.384867,0.396399,0.407943,0.419496,0.431055,0.442618,0.454185,0.465755,0.477326,0.488898,0.500471,0.512045
0,0.00949937,0.0189987,0.0284981,0.0379974,0.0474968,0.0569962,0.0664956,0.0759951,0.0854949,0.094995,0.104496,0.113998,0.123502,0.133009,0.142521,0.15204,0.161569,0.171114,0.18068,0.190277,0.199914,0.209605,0.219366,0.229215,0.239169,0.24925,0.259471,0.269847,0.280383,0.291078,0.301925,0.312911,0.324018,0.335229,0.346524,0.357888,0.369305,0.380763,0.392252,0.403764,0.415294,0.426836,0.438388,0.449947,0.46151,0.473077,0.484647,0.496218,0.507792
0,0.00949956,0.0189991,0.0284987,0.0379982,0.0474977,0.0569973,0.0664968,0.0759963,0.0854959,0.0949956,0.104496,0.113996,0.123497,0.133,0.142504,0.152012,0.161524,0.171044,0.180574,0.19012,0.199688,0.209286,0.218924,0.228616,0.238377,0.248224,0.258177,0.268252,0.278468,0.288836,0.299363,0.310048,0.320884,0.331859,0.342956,0.354158,0.365445,0.376802,0.388214,0.399667,0.411153,0.422663,0.434191,0.445732,0.457283,0.468842,0.480406,0.491975,0.503547
0,0.00949974,0.0189995,0.0284992,0.0379989,0.0474986,0.0569983,0.066498,0.0759976,0.0854973,0.094997,0.104497,0.113997,0.123497,0.132997,0.142499,0.152002,0.161506,0.171015,0.180528,0.190048,0.19958,0.209127,0.218696,0.228295,0.237934,0.247627,0.257387,0.267233,0.277183,0.287254,0.297464,0.307825,0.318342,0.329017,0.339843,0.350807,0.361895,0.373088,0.384367,0.395718,0.407124,0.418573,0.430056,0.441565,0.453092,0.464634,0.476187,0.48775,0.499321
0,0.00949989,0.0189998,0.0284997,0.0379995,0.0474994,0.0569993,0.0664991,0.0759989,0.0854987,0.0949985,0.104498,0.113998,0.123498,0.132998,0.142498,0.151999,0.161501,0.171004,0.180509,0.190018,0.199532,0.209053,0.218586,0.228134,0.237704,0.247304,0.256944,0.266637,0.276397,0.286242,0.296189,0.306256,0.31646,0.326812,0.337321,0.347986,0.358802,0.369756,0.380835,0.392019,0.403292,0.414637,0.426039,0.437487,0.44897,0.46048,0.472013,0.483564,0.495131
0,0.00950004,0.0190001,0.0285001,0.0380001,0.0475001,0.0570001,0.0665001,0.0760001,0.0855,0.0949999,0.1045,0.114,0.1235,0.133,0.1425,0.152,0.1615,0.171001,0.180503,0.190007,0.199512,0.209022,0.218536,0.228058,0.237592,0.247141,0.256712,0.266313,0.275953,0.285646,0.295406,0.305249,0.315194,0.325257,0.335455,0.345801,0.356301,0.366957,0.377763,0.388709,0.39978,0.410958,0.422227,0.433571,0.444976,0.45643,0.467924,0.479453,0.491013
0,0.00950017,0.0190003,0.0285005,0.0380006,0.0475008,0.0570009,0.066501,0.0760011,0.0855012,0.0950013,0.104501,0.114001,0.123501,0.133001,0.142501,0.152001,0.161502,0.171002,0.180503,0.190004,0.199506,0.20901,0.218516,0.228026,0.237541,0.247064,0.256598,0.266148,0.27572,0.285322,0.294963,0.304656,0.314416,0.324258,0.3342,0.344259,0.354453,0.364792,0.375286,0.385935,0.396736,0.407678,0.418747,0.429928,0.441205,0.452564,0.463994,0.475485,0.487032
0,0.00950028,0.0190006,0.0285008,0.0380011,0.0475014,0.0570016,0.0665019,0.0760021,0.0855023,0.0950025,0.104503,0.114003,0.123503,0.133003,0.142503,0.152003,0.161503,0.171003,0.180504,0.190004,0.199505,0.209006,0.218509,0.228013,0.23752,0.24703,0.256546,0.266069,0.275604,0.285156,0.294729,0.304332,0.313974,0.323668,0.333428,0.34327,0.353212,0.36327,0.373462,0.383801,0.394294,0.404946,0.415753,0.426708,0.437798,0.449013,0.46034,0.471769,0.483295
0,0.00950039,0.0190008,0.0285012,0.0380016,0.0475019,0.0570023,0.0665027,0.076003,0.0855033,0.0950036,0.104504,0.114004,0.123504,0.133005,0.142505,0.152005,0.161505,0.171005,0.180506,0.190006,0.199506,0.209007,0.218508,0.22801,0.237513,0.247017,0.256524,0.266035,0.275552,0.285077,0.294614,0.304167,0.313742,0.323347,0.332993,0.342691,0.352455,0.362302,0.37225,0.382317,0.39252,0.402875,0.413391,0.424076,0.434931,0.445952,0.457136,0.468476,0.479973
0,0.00950049,0.019001,0.0285015,0.038002,0.0475024,0.0570029,0.0665034,0.0760038,0.0855043,0.0950047,0.104505,0.114005,0.123506,0.133006,0.142507,0.152007,0.161507,0.171007,0.180508,0.190008,0.199508,0.209009,0.21851,0.228011,0.237512,0.247014,0.256518,0.266024,0.275532,0.285045,0.294564,0.304092,0.313633,0.323191,0.332773,0.342387,0.352044,0.361756,0.371538,0.381408,0.391386,0.401492,0.411747,0.422171,0.432779,0.443586,0.454602,0.465835,0.477293
0,0.00950058,0.0190012,0.0285017,0.0380023,0.0475029,0.0570035,0.066504,0.0760046,0.0855051,0.0950056,0.104506,0.114007,0.123507,0.133008,0.142508,0.152009,0.161509,0.17101,0.18051,0.190011,0.199511,0.209012,0.218513,0.228014,0.237515,0.247017,0.25652,0.266025,0.275531,0.28504,0.294553,0.304072,0.313599,0.323138,0.332692,0.342267,0.351871,0.361514,0.371207,0.380965,0.390807,0.400753,0.410828,0.421058,0.431471,0.442097,0.452961,0.464091,0.475512
0,0.00950067,0.0190013,0.028502,0.0380027,0.0475033,0.057004,0.0665046,0.0760053,0.0855059,0.0950066,0.104507,0.114008,0.123508,0.133009,0.14251,0.15201,0.161511,0.171012,0.180513,0.190014,0.199515,0.209016,0.218517,0.22802,0.237522,0.247026,0.25653,0.266037,0.275545,0.285056,0.294572,0.304093,0.313622,0.323161,0.332714,0.342286,0.351882,0.36151,0.371181,0.380907,0.390705,0.400593,0.410596,0.420741,0.43106,0.441591,0.452371,0.463441,0.474838
0,0.00950075,0.0190015,0.0285023,0.038003,0.0475037,0.0570045,0.0665052,0.076006,0.0855067,0.0950075,0.104508,0.114009,0.12351,0.133011,0.142512,0.152013,0.161514,0.171015,0.180516,0.190018,0.19952,0.209023,0.218526,0.22803,0.237536,0.247043,0.256552,0.266064,0.27558,0.285101,0.294627,0.304163,0.313708,0.323267,0.332844,0.342442,0.352069,0.361732,0.371441,0.381207,0.391045,0.400973,0.411012,0.421189,0.431533,0.442081,0.452871,0.463945,0.475344
0,0.00950083,0.0190017,0.0285025,0.0380033,0.0475042,0.057005,0.0665059,0.0760067,0.0855076,0.0950085,0.104509,0.11401,0.123512,0.133013,0.142514,0.152016,0.161518,0.17102,0.180522,0.190026,0.19953,0.209035,0.218542,0.228051,0.237562,0.247077,0.256596,0.26612,0.275651,0.28519,0.294741,0.304305,0.313885,0.323487,0.333114,0.342773,0.352471,0.362215,0.372017,0.381887,0.391839,0.401889,0.412057,0.422363,0.432834,0.443496,0.45438,0.465518,0.47694
0,0.00950092,0.0190018,0.0285028,0.0380037,0.0475047,0.0570056,0.0665067,0.0760077,0.0855088,0.09501,0.104511,0.114013,0.123514,0.133016,0.142519,0.152021,0.161525,0.171029,0.180534,0.190041,0.199549,0.20906,0.218574,0.228092,0.237614,0.247143,0.25668,0.266226,0.275784,0.285357,0.294948,0.304562,0.314202,0.323874,0.333584,0.343339,0.353149,0.36302,0.372965,0.382993,0.393118,0.403354,0.413714,0.424215,0.434874,0.445707,0.456732,0.467965,0.479422
0,0.00950104,0.0190021,0.0285032,0.0380042,0.0475054,0.0570066,0.0665078,0.0760092,0.0855107,0.0950124,0.104514,0.114017,0.123519,0.133023,0.142527,0.152032,0.161539,0.171047,0.180557,0.19007,0.199587,0.209108,0.218635,0.228169,0.237712,0.247266,0.256833,0.266417,0.27602,0.285647,0.295302,0.304991,0.31472,0.324495,0.334323,0.344213,0.354173,0.364212,0.374341,0.384569,0.394907,0.405364,0.415949,0.426672,0.43754,0.448558,0.459731,0.471062,0.482554
0,0.00950123,0.0190025,0.0285038,0.0380051,0.0475066,0.0570082,0.0665099,0.0760119,0.0855143,0.095017,0.10452,0.114024,0.123529,0.133036,0.142544,0.152053,0.161566,0.171082,0.180602,0.190127,0.199659,0.209198,0.218748,0.22831,0.237887,0.247481,0.257097,0.266738,0.27641,0.286116,0.295864,0.305659,0.315508,0.325419,0.3354,0.345458,0.355603,0.365841,0.376182,0.386633,0.397201,0.407889,0.418703,0.429642,0.440705,0.45189,0.463192,0.474604,0.486125
0,0.00950159,0.0190032,0.028505,0.0380068,0.0475089,0.0570113,0.0665141,0.0760174,0.0855214,0.0950263,0.104532,0.11404,0.123549,0.133061,0.142576,0.152095,0.161618,0.171148,0.180685,0.190231,0.199788,0.209358,0.218945,0.228551,0.238179,0.247835,0.257523,0.267247,0.277014,0.286828,0.296698,0.30663,0.316631,0.326708,0.336869,0.347122,0.357473,0.367928,0.378492,0.38917,0.399963,0.41087,0.42189,0.433017,0.444244,0.455561,0.46696,0.478433,0.489974
0,0.00950233,0.0190048,0.0285074,0.0380103,0.0475137,0.0570177,0.0665225,0.0760284,0.0855356,0.0950446,0.104556,0.11407,0.123587,0.133109,0.142637,0.152171,0.161714,0.171266,0.180831,0.190411,0.200007,0.209625,0.219267,0.228938,0.238641,0.248383,0.258167,0.268001,0.277891,0.287842,0.297862,0.307958,0.318135,0.328401,0.338761,0.349222,0.359788,0.370461,0.381243,0.392134,0.403131,0.414228,0.42542,0.436695,0.448045,0.459458,0.470925,0.482439,0.493993
0,0.00950385,0.0190079,0.0285123,0.0380174,0.0475233,0.0570305,0.0665392,0.07605,0.0855633,0.0950799,0.1046,0.114126,0.123658,0.133197,0.142746,0.152305,0.161878,0.171467,0.181075,0.190704,0.20036,0.210045,0.219764,0.229522,0.239325,0.249178,0.259086,0.269056,0.279094,0.289206,0.299398,0.309676,0.320046,0.330513,0.341079,0.351749,0.362524,0.373402,0.384382,0.39546,0.406628,0.417878,0.4292,0.440585,0.452021,0.463498,0.475009,0.486548,0.498111
0,0.00950688,0.0190141,0.0285221,0.0380313,0.0475422,0.0570552,0.0665712,0.0760907,0.0856148,0.0951445,0.104681,0.114226,0.123781,0.133348,0.14293,0.152528,0.162147,0.171788,0.181457,0.191157,0.200892,0.210667,0.220487,0.230357,0.240283,0.25027,0.260325,0.270452,0.280658,0.290948,0.301327,0.311798,0.322367,0.333034,0.343802,0.35467,0.365636,0.376695,0.387844,0.399073,0.410375,0.421739,0.433156,0.444614,0.456107,0.467625,0.479163,0.490718,0.502286
0,0.0095127,0.0190261,0.0285408,0.0380576,0.0475773,0.0571009,0.0666293,0.0761638,0.0857059,0.095257,0.104819,0.114394,0.123985,0.133593,0.143223,0.152877,0.162559,0.172273,0.182023,0.191814,0.201651,0.211538,0.221481,0.231485,0.241556,0.251698,0.261916,0.272217,0.282603,0.29308,0.30365,0.314315,0.325077,0.335935,0.346888,0.357932,0.369063,0.380274,0.391557,0.402903,0.414302,0.425746,0.437225,0.448732,0.460259,0.471802,0.483357,0.49492,0.506491
0,0.00952332,0.0190477,0.0285744,0.0381046,0.0476395,0.0571806,0.0667296,0.0762881,0.0858581,0.095442,0.105042,0.114661,0.124303,0.133969,0.143665,0.153393,0.163159,0.172966,0.182818,0.192722,0.202681,0.212701,0.222786,0.232942,0.243172,0.253483,0.263877,0.274358,0.284929,0.295593,0.306349,0.317199,0.32814,0.33917,0.350284,0.361477,0.372742,0.384071,0.395454,0.406884,0.418351,0.429847,0.441366,0.452902,0.464451,0.476008,0.487572,0.49914,0.510713
0,0.00954161,0.019085,0.0286318,0.038184,0.0477435,0.0573125,0.066893,0.0764877,0.0860991,0.0957301,0.105384,0.115064,0.124773,0.134516,0.144297,0.154119,0.163988,0.173907,0.183882,0.193917,0.204016,0.214184,0.224426,0.234746,0.245147,0.255632,0.266205,0.276867,0.287618,0.29846,0.30939,0.320407,0.331507,0.342683,0.353931,0.365243,0.376611,0.388026,0.39948,0.410967,0.422478,0.434007,0.44555,0.457104,0.468664,0.48023,0.491799,0.50337,0.514943
0,0.00957135,0.0191452,0.0287242,0.0383109,0.047908,0.0575184,0.0671451,0.0767912,0.08646,0.096155,0.10588,0.115639,0.125435,0.135273,0.145158,0.155093,0.165083,0.175132,0.185245,0.195425,0.205678,0.216006,0.226414,0.236903,0.247477,0.258138,0.268885,0.279719,0.29064,0.301645,0.31273,0.323891,0.335123,0.346418,0.357771,0.369172,0.380614,0.392089,0.403592,0.415114,0.426652,0.438202,0.449759,0.461323,0.47289,0.48446,0.496031,0.507604,0.519178
0,0.00961693,0.0192373,0.0288645,0.0385021,0.0481537,0.0578228,0.0675132,0.0772287,0.0869732,0.0967508,0.106566,0.116422,0.126323,0.136275,0.14628,0.156344,0.166471,0.176664,0.186927,0.197264,0.207677,0.218171,0.228746,0.239405,0.250149,0.260977,0.271888,0.282882,0.293954,0.3051,0.316317,0.327597,0.338934,0.350321,0.361751,0.373215,0.384708,0.396224,0.407756,0.419301,0.430856,0.442417,0.453982,0.465551,0.477122,0.488694,0.500267,0.511841,0.523415
0,0.00968286,0.01937,0.0290659,0.0387748,0.0485012,0.0582493,0.0680236,0.0778285,0.0876685,0.0975479,0.107471,0.117443,0.127467,0.137547,0.147689,0.157895,0.168169,0.178515,0.188936,0.199434,0.210011,0.22067,0.23141,0.242232,0.253135,0.264118,0.275178,0.286311,0.297513,0.308778,0.320101,0.331474,0.342891,0.354344,0.365828,0.377335,0.388862,0.400402,0.411953,0.423512,0.435075,0.446643,0.458213,0.469784,0.481357,0.49293,0.504504,0.516078,0.527652
0,0.0097731,0.0195513,0.0293398,0.0391437,0.0489681,0.0588178,0.0686981,0.0786136,0.0885692,0.0985696,0.108619,0.118723,0.128884,0.139107,0.149396,0.159754,0.170183,0.180688,0.191268,0.201927,0.212666,0.223483,0.234379,0.245353,0.256402,0.267522,0.278711,0.289962,0.301271,0.31263,0.324034,0.335476,0.34695,0.35845,0.369969,0.381505,0.393052,0.404607,0.416169,0.427735,0.439304,0.450875,0.462447,0.47402,0.485594,0.497168,0.508742,0.520316,0.53189
0,0.00989047,0.0197867,0.0296943,0.039619,0.0495664,0.0595419,0.0695509,0.0795986,0.0896899,0.0998297,0.110022,0.120273,0.130584,0.14096,0.151404,0.161919,0.172508,0.183171,0.19391,0.204725,0.215617,0.226583,0.237623,0.248732,0.259908,0.271147,0.282442,0.293788,0.30518,0.316611,0.328075,0.339566,0.351079,0.362609,0.374151,0.385704,0.397263,0.408827,0.420395,0.431965,0.443537,0.45511,0.466683,0.478257,0.489831,0.501406,0.51298,0.524554,0.536129
0,0.0100362,0.0200784,0.0301327,0.040205,0.0503011,0.0604267,0.0705872,0.0807881,0.0910344,0.101331,0.111681,0.122091,0.132562,0.143099,0.153704,0.164379,0.175126,0.185945,0.196837,0.2078,0.218833,0.229935,0.241101,0.252329,0.263612,0.274947,0.286327,0.297748,0.309202,0.320685,0.33219,0.343714,0.355252,0.366801,0.378358,0.38992,0.401487,0.413056,0.424627,0.4362,0.447773,0.459347,0.470921,0.482495,0.494069,0.505643,0.517218,0.528792,0.540367
0,0.0102098,0.0204257,0.0306537,0.0408996,0.0511694,0.0614685,0.0718025,0.0821766,0.0925955,0.103064,0.113586,0.124165,0.134805,0.145508,0.156276,0.167111,0.178012,0.188981,0.200017,0.211116,0.222278,0.233499,0.244774,0.2561,0.267471,0.278882,0.290328,0.301803,0.313302,0.32482,0.336354,0.347899,0.359453,0.371014,0.382579,0.394147,0.405717,0.417289,0.428862,0.440436,0.45201,0.463584,0.475158,0.486733,0.498307,0.509881,0.521456,0.53303,0.544605
0,0.0104095,0.0208247,0.0312514,0.0416953,0.0521617,0.062656,0.0731834,0.0837487,0.0943563,0.10501,0.115715,0.126473,0.137286,0.148158,0.15909,0.170081,0.181133,0.192243,0.203411,0.214635,0.22591,0.237233,0.2486,0.260006,0.271446,0.282915,0.294409,0.305923,0.317453,0.328996,0.340547,0.352106,0.36367,0.375237,0.386807,0.398379,0.409951,0.421525,0.433099,0.444673,0.456247,0.467821,0.479396,0.49097,0.502545,0.514119,0.525694,0.537268,0.548842
0,0.010632,0.0212691,0.0319167,0.0425796,0.0532629,0.0639713,0.0747094,0.0854815,0.0962913,0.107143,0.118038,0.128981,0.139973,0.151015,0.162108,0.173252,0.184446,0.195689,0.206979,0.218312,0.229685,0.241095,0.252537,0.264007,0.275501,0.287014,0.298543,0.310085,0.321636,0.333194,0.344758,0.356325,0.367895,0.379466,0.391039,0.402613,0.414187,0.425761,0.437335,0.44891,0.460485,0.472059,0.483634,0.495208,0.506783,0.518357,0.529931,0.541506,0.55308
0,0.0108734,0.0217511,0.0326377,0.0435373,0.0544541,0.065392,0.0763549,0.0873461,0.0983688,0.109426,0.120519,0.131651,0.142823,0.154034,0.165286,0.176577,0.187907,0.199273,0.210673,0.222103,0.233562,0.245045,0.256549,0.26807,0.279606,0.291152,0.302707,0.314269,0.325835,0.337405,0.348976,0.360549,0.372123,0.383698,0.395273,0.406848,0.418423,0.429998,0.441572,0.453147,0.464722,0.476297,0.487871,0.499446,0.51102,0.522595,0.534169,0.545744,0.557318
0,0.0111293,0.0222619,0.0334014,0.0445509,0.0557137,0.0668927,0.0780907,0.0893101,0.100553,0.111822,0.123117,0.13444,0.145791,0.15717,0.168576,0.180009,0.191467,0.202947,0.214447,0.225965,0.237499,0.249045,0.260601,0.272165,0.283734,0.295308,0.306884,0.318461,0.33004,0.341618,0.353196,0.364774,0.376352,0.387929,0.399506,0.411082,0.422658,0.434234,0.445809,0.457384,0.468959,0.480534,0.492109,0.503683,0.515258,0.526832,0.538407,0.549981,0.561555
0,0.011395,0.0227923,0.034194,0.0456024,0.0570194,0.0684468,0.0798862,0.091339,0.102806,0.114289,0.125787,0.137301,0.148829,0.160373,0.171929,0.183498,0.195077,0.206664,0.218258,0.229856,0.241458,0.253061,0.264663,0.276265,0.287865,0.299463,0.311058,0.322651,0.33424,0.345828,0.357413,0.368996,0.380578,0.392158,0.403737,0.415315,0.426892,0.438468,0.450044,0.46162,0.473195,0.484771,0.496345,0.50792,0.519495,0.53107,0.542644,0.554219,0.565793
0,0.011666,0.023333,0.0350018,0.0466734,0.0583483,0.0700273,0.0817105,0.0933982,0.10509,0.116786,0.128486,0.140188,0.151891,0.163594,0.175296,0.186995,0.19869,0.21038,0.222062,0.233737,0.245403,0.257061,0.268709,0.280348,0.291979,0.303602,0.315217,0.326826,0.338429,0.350027,0.36162,0.37321,0.384797,0.396381,0.407963,0.419544,0.431123,0.442701,0.454278,0.465855,0.477431,0.489006,0.500582,0.512157,0.523732,0.535307,0.546881,0.558456,0.57003
0,0.0119377,0.023875,0.0358113,0.047746,0.0596785,0.071608,0.0835334,0.0954538,0.107368,0.119274,0.131171,0.143056,0.154929,0.166788,0.178631,0.190457,0.202265,0.214054,0.225824,0.237574,0.249305,0.261018,0.272714,0.284394,0.296058,0.307709,0.319348,0.330977,0.342596,0.354207,0.365812,0.377411,0.389005,0.400596,0.412183,0.423767,0.435349,0.44693,0.458509,0.470087,0.481664,0.493241,0.504817,0.516393,0.527968,0.539543,0.551118,0.562692,0.574267
0,0.0122058,0.0244097,0.0366095,0.0488033,0.0609888,0.073164,0.0853265,0.097474,0.109604,0.121714,0.133803,0.145866,0.157904,0.169914,0.181894,0.193844,0.205763,0.217651,0.229509,0.241337,0.253136,0.264909,0.276657,0.288382,0.300086,0.31177,0.323439,0.335092,0.346733,0.358362,0.369982,0.381593,0.393198,0.404797,0.416391,0.427982,0.439569,0.451153,0.462735,0.474316,0.485895,0.497473,0.509051,0.520627,0.532203,0.543778,0.555354,0.566928,0.578503
0,0.0124662,0.0249289,0.0373845,0.0498293,0.0622598,0.0746724,0.0870636,0.0994298,0.111768,0.124074,0.136347,0.148582,0.160779,0.172935,0.185049,0.197122,0.209152,0.221141,0.233089,0.244999,0.256872,0.268711,0.280518,0.292295,0.304045,0.315771,0.327475,0.33916,0.350827,0.36248,0.37412,0.385749,0.397369,0.40898,0.420585,0.432184,0.443778,0.455368,0.466955,0.478539,0.490121,0.501702,0.513281,0.524859,0.536436,0.548012,0.559588,0.571163,0.582738
0,0.0127153,0.0254254,0.0381252,0.0508097,0.0634738,0.0761126,0.0887214,0.101296,0.113832,0.126326,0.138774,0.151174,0.163524,0.175823,0.18807,0.200264,0.212407,0.224499,0.236543,0.24854,0.260493,0.272405,0.284278,0.296115,0.30792,0.319694,0.331442,0.343166,0.354868,0.366551,0.378218,0.38987,0.401509,0.413137,0.424756,0.436367,0.447971,0.45957,0.471164,0.482754,0.494341,0.505925,0.517507,0.529087,0.540666,0.552243,0.56382,0.575396,0.58697
0,0.0129496,0.0258925,0.0388221,0.0517318,0.0646154,0.0774668,0.0902804,0.103051,0.115774,0.128445,0.141061,0.153619,0.166118,0.178556,0.190933,0.20325,0.215507,0.227707,0.239851,0.251941,0.263981,0.275973,0.287921,0.299827,0.311694,0.323526,0.335326,0.347097,0.358842,0.370563,0.382262,0.393944,0.405608,0.417259,0.428897,0.440525,0.452143,0.463753,0.475357,0.486955,0.498549,0.510139,0.521725,0.533309,0.544891,0.55647,0.568048,0.579624,0.591199
0,0.0131664,0.0263247,0.0394669,0.0525852,0.0656722,0.0787208,0.0917248,0.104678,0.117576,0.130414,0.143189,0.155899,0.168542,0.181117,0.193624,0.206064,0.218439,0.230749,0.242998,0.255188,0.267321,0.279402,0.291431,0.303414,0.315353,0.327252,0.339112,0.350939,0.362734,0.3745,0.386241,0.397959,0.409656,0.421336,0.432999,0.444648,0.456285,0.467912,0.479529,0.491139,0.502742,0.51434,0.525933,0.537522,0.549107,0.56069,0.57227,0.583847,0.595423
0,0.0133635,0.0267176,0.0400533,0.0533617,0.0666344,0.0798638,0.0930429,0.106166,0.119227,0.132222,0.145148,0.158003,0.170786,0.183495,0.196132,0.208696,0.22119,0.233615,0.245974,0.258269,0.270502,0.282677,0.294797,0.306865,0.318883,0.330856,0.342786,0.354676,0.36653,0.37835,0.39014,0.401903,0.41364,0.425355,0.43705,0.448727,0.460388,0.472036,0.483672,0.495297,0.506914,0.518523,0.530125,0.541721,0.553312,0.564899,0.576482,0.588061,0.599637
0,0.0135392,0.0270681,0.0405769,0.0540557,0.0674958,0.0808889,0.0942277,0.107506,0.120719,0.133861,0.146931,0.159925,0.172844,0.185685,0.19845,0.21114,0.223755,0.236298,0.24877,0.261174,0.273513,0.28579,0.298006,0.310165,0.322271,0.334326,0.346333,0.358296,0.370217,0.382099,0.393947,0.405761,0.417546,0.429304,0.441038,0.45275,0.464442,0.476117,0.487776,0.499422,0.511056,0.52268,0.534294,0.5459,0.5575,0.569093,0.58068,0.592262,0.603839
0,0.0136927,0.0273747,0.0410353,0.0546647,0.0682534,0.0817931,0.0952763,0.108697,0.122049,0.13533,0.148535,0.161664,0.174714,0.187685,0.200578,0.213392,0.22613,0.238792,0.251381,0.263899,0.276348,0.288731,0.301049,0.313307,0.325506,0.337651,0.349742,0.361785,0.373781,0.385734,0.397646,0.409521,0.421362,0.433171,0.444951,0.456705,0.468434,0.480143,0.491832,0.503504,0.51516,0.526803,0.538433,0.550053,0.561663,0.573264,0.584857,0.596442,0.60802
0,0.013824,0.0276371,0.0414287,0.0551886,0.0689075,0.082577,0.0961897,0.109739,0.123221,0.13663,0.149964,0.16322,0.176398,0.189496,0.202514,0.215453,0.228314,0.241097,0.253805,0.266439,0.279002,0.291495,0.30392,0.316281,0.32858,0.34082,0.353003,0.365132,0.37721,0.389241,0.401226,0.413169,0.425073,0.436941,0.448775,0.460578,0.472352,0.484101,0.495826,0.507529,0.519214,0.530881,0.542532,0.554168,0.565792,0.577404,0.589004,0.600594,0.612173
0,0.0139337,0.0278568,0.0417589,0.0556302,0.0694615,0.0832447,0.0969726,0.110639,0.124238,0.137767,0.151222,0.1646,0.1779,0.191121,0.204263,0.217325,0.230308,0.243212,0.25604,0.268793,0.281471,0.294077,0.306614,0.319082,0.331486,0.343826,0.356106,0.368328,0.380495,0.39261,0.404675,0.416693,0.428668,0.440601,0.452497,0.464356,0.476182,0.487978,0.499746,0.511487,0.523205,0.534902,0.546578,0.558236,0.569876,0.581501,0.593111,0.604706,0.616287
0,0.0140232,0.0280365,0.0420301,0.0559947,0.0699217,0.0838032,0.0976323,0.111403,0.12511,0.138749,0.152317,0.16581,0.179228,0.192567,0.205829,0.219011,0.232115,0.24514,0.258088,0.270959,0.283755,0.296477,0.309126,0.321706,0.334217,0.346662,0.359044,0.371364,0.383625,0.39583,0.407982,0.420082,0.432134,0.44414,0.456103,0.468026,0.479911,0.491761,0.503578,0.515363,0.527121,0.538852,0.550558,0.562241,0.573902,0.585542,0.597163,0.608765,0.620349
0,0.0140944,0.0281799,0.0422475,0.0562889,0.070296,0.0842616,0.0981789,0.112042,0.125846,0.139586,0.153258,0.16686,0.180388,0.193842,0.207219,0.220519,0.233741,0.246885,0.259952,0.272941,0.285854,0.298693,0.311457,0.324149,0.336771,0.349325,0.361811,0.374234,0.386594,0.398894,0.411137,0.423325,0.43546,0.447546,0.459583,0.471576,0.483526,0.495435,0.507307,0.519143,0.530945,0.542716,0.554456,0.566168,0.577853,0.589512,0.601146,0.612756,0.624342
0,0.0141497,0.0282915,0.0424178,0.0565211,0.0705943,0.0846305,0.0986236,0.112568,0.126458,0.140289,0.154058,0.16776,0.181393,0.194954,0.208442,0.221855,0.235191,0.248452,0.261635,0.274741,0.287772,0.300726,0.313606,0.326412,0.339147,0.35181,0.364405,0.376933,0.389396,0.401795,0.414134,0.426414,0.438638,0.450807,0.462925,0.474992,0.487013,0.498988,0.51092,0.522811,0.534663,0.546478,0.558256,0.570001,0.581713,0.593393,0.605042,0.616661,0.62825
0,0.0141913,0.0283761,0.0425479,0.0567002,0.0708268,0.0849216,0.0989788,0.112993,0.126959,0.140872,0.154728,0.168522,0.182252,0.195914,0.209507,0.223027,0.236474,0.249847,0.263144,0.276365,0.28951,0.30258,0.315575,0.328496,0.341343,0.354118,0.366823,0.379458,0.392026,0.404528,0.416966,0.429342,0.441658,0.453915,0.466117,0.478264,0.49036,0.502405,0.514402,0.526352,0.538258,0.55012,0.561941,0.573721,0.585462,0.597164,0.60883,0.620458,0.632051
0,0.014222,0.0284387,0.0426448,0.056835,0.071004,0.0851465,0.0992571,0.113331,0.127362,0.141347,0.155281,0.169159,0.182977,0.196733,0.210424,0.224046,0.237598,0.251078,0.264485,0.277818,0.291076,0.304259,0.317367,0.330401,0.343361,0.356248,0.369063,0.381807,0.394482,0.407088,0.419628,0.432102,0.444513,0.456862,0.469151,0.481381,0.493555,0.505673,0.517738,0.529751,0.541713,0.553626,0.56549,0.577308,0.58908,0.600807,0.612489,0.624128,0.635724
0,0.0142439,0.0284837,0.0427152,0.0569342,0.0711361,0.0853166,0.0994708,0.113594,0.127682,0.141729,0.155731,0.169683,0.183582,0.197424,0.211205,0.224922,0.238573,0.252155,0.265667,0.279107,0.292474,0.305767,0.318987,0.332133,0.345204,0.358202,0.371127,0.38398,0.396762,0.409473,0.422115,0.434689,0.447197,0.459639,0.472017,0.484332,0.496586,0.508779,0.520914,0.532991,0.545011,0.556976,0.568886,0.580743,0.592546,0.604298,0.615998,0.627647,0.639246
0,0.0142592,0.0285153,0.0427651,0.0570053,0.0712324,0.0854425,0.0996315,0.113795,0.127929,0.142029,0.15609,0.170108,0.184079,0.197998,0.211861,0.225666,0.239409,0.253087,0.266698,0.28024,0.293712,0.307112,0.32044,0.333694,0.346875,0.359982,0.373016,0.385976,0.398864,0.41168,0.424425,0.437099,0.449703,0.462239,0.474707,0.487107,0.499442,0.511711,0.523916,0.536058,0.548137,0.560154,0.57211,0.584005,0.59584,0.607616,0.619334,0.630994,0.642597
0,0.0142696,0.0285369,0.0427996,0.0570552,0.0713009,0.0855336,0.0997499,0.113946,0.128118,0.142262,0.156373,0.170448,0.18448,0.198468,0.212405,0.22629,0.240117,0.253884,0.267588,0.281227,0.294798,0.3083,0.321731,0.33509,0.348377,0.361591,0.374731,0.387797,0.40079,0.413709,0.426555,0.439328,0.452028,0.464656,0.477212,0.489698,0.502112,0.514457,0.526731,0.538937,0.551073,0.563141,0.575142,0.587075,0.598941,0.610741,0.622476,0.634146,0.645752
0,0.0142764,0.0285513,0.0428229,0.0570893,0.0713485,0.085598,0.0998351,0.114057,0.128259,0.142439,0.156592,0.170713,0.1848,0.198847,0.21285,0.226805,0.240709,0.254558,0.268347,0.282076,0.29574,0.309338,0.322868,0.336328,0.349717,0.363033,0.376276,0.389444,0.402539,0.415558,0.428503,0.441372,0.454166,0.466884,0.479527,0.492094,0.504586,0.517003,0.529345,0.541612,0.553804,0.565921,0.577964,0.589933,0.601829,0.613652,0.625403,0.637083,0.648692
0,0.0142809,0.0285606,0.0428381,0.057112,0.0713808,0.0856425,0.0998951,0.114136,0.128362,0.14257,0.156757,0.170918,0.185049,0.199147,0.213207,0.227225,0.241197,0.255119,0.268987,0.282798,0.296548,0.310236,0.323858,0.337413,0.350898,0.364312,0.377653,0.39092,0.404112,0.417227,0.430266,0.443228,0.456111,0.468916,0.481642,0.494288,0.506854,0.51934,0.531745,0.54407,0.556314,0.568477,0.58056,0.592563,0.604486,0.61633,0.628096,0.639784,0.651396
0,0.0142836,0.0285665,0.0428479,0.0571268,0.0714021,0.0856725,0.0999363,0.114191,0.128435,0.142666,0.156879,0.171072,0.18524,0.199381,0.213489,0.227561,0.241592,0.255579,0.269517,0.283402,0.297232,0.311002,0.32471,0.338352,0.351927,0.365433,0.378866,0.392225,0.405509,0.418716,0.431845,0.444893,0.457861,0.470747,0.48355,0.49627,0.508905,0.521455,0.533919,0.546297,0.558589,0.570794,0.582914,0.594947,0.606895,0.618758,0.630537,0.642233,0.653848
0,0.0142853,0.0285701,0.0428539,0.0571361,0.0714158,0.0856922,0.0999638,0.114229,0.128487,0.142733,0.156967,0.171185,0.185383,0.199559,0.213707,0.227824,0.241906,0.255949,0.269948,0.2839,0.297799,0.311644,0.325429,0.339153,0.35281,0.3664,0.379918,0.393363,0.406733,0.420024,0.433235,0.446364,0.45941,0.472371,0.485245,0.498032,0.51073,0.523338,0.535855,0.548281,0.560616,0.572859,0.58501,0.597071,0.60904,0.62092,0.632711,0.644414,0.656031
0,0.0142863,0.0285722,0.0428575,0.0571417,0.0714243,0.0857046,0.0999816,0.114254,0.128521,0.14278,0.157029,0.171266,0.185487,0.19969,0.213871,0.228025,0.24215,0.25624,0.270291,0.2843,0.298261,0.312171,0.326026,0.339821,0.353553,0.367218,0.380814,0.394336,0.407783,0.42115,0.434436,0.447638,0.460754,0.473782,0.48672,0.499567,0.51232,0.524979,0.537543,0.550011,0.562383,0.574658,0.586838,0.598921,0.61091,0.622804,0.634605,0.646314,0.657933
0,0.0142868,0.0285733,0.0428595,0.0571449,0.0714293,0.085712,0.0999926,0.11427,0.128543,0.142811,0.157071,0.171322,0.18556,0.199784,0.21399,0.228174,0.242333,0.256461,0.270556,0.284613,0.298626,0.312592,0.326506,0.340363,0.35416,0.367892,0.381555,0.395146,0.40866,0.422094,0.435446,0.448712,0.461889,0.474975,0.487968,0.500866,0.513667,0.52637,0.538973,0.551477,0.56388,0.576182,0.588385,0.600488,0.612491,0.624397,0.636206,0.64792,0.659541
0,0.014287,0.0285738,0.0428604,0.0571464,0.0714318,0.085716,0.0999987,0.114279,0.128556,0.14283,0.157097,0.171358,0.185609,0.199848,0.214072,0.228278,0.242463,0.256622,0.270752,0.284846,0.298902,0.312914,0.326877,0.340787,0.354638,0.368425,0.382145,0.395793,0.409365,0.422856,0.436263,0.449582,0.462811,0.475945,0.488984,0.501924,0.514764,0.527502,0.540138,0.55267,0.565098,0.577422,0.589643,0.601761,0.613777,0.625692,0.637507,0.649225,0.660847
0,0.014287,0.0285738,0.0428605,0.0571468,0.0714326,0.0857175,0.100001,0.114283,0.128563,0.14284,0.157112,0.171378,0.185637,0.199886,0.214124,0.228345,0.242549,0.25673,0.270885,0.285009,0.299097,0.313144,0.327145,0.341096,0.354989,0.368822,0.382587,0.396281,0.409898,0.423434,0.436885,0.450246,0.463515,0.476688,0.489762,0.502735,0.515605,0.52837,0.54103,0.553583,0.56603,0.578371,0.590605,0.602734,0.614759,0.62668,0.638501,0.650221,0.661844
0,0.0142868,0.0285735,0.04286,0.0571462,0.0714319,0.0857169,0.100001,0.114284,0.128564,0.142842,0.157116,0.171386,0.185649,0.199904,0.214149,0.22838,0.242595,0.256791,0.270962,0.285105,0.299215,0.313287,0.327316,0.341295,0.355219,0.369084,0.382882,0.396609,0.410259,0.423827,0.43731,0.450701,0.463999,0.477199,0.490297,0.503293,0.516184,0.528968,0.541644,0.554212,0.566671,0.579022,0.591266,0.603402,0.615433,0.627359,0.639182,0.650904,0.662527
0,0.0142865,0.0285728,0.0428589,0.0571447,0.07143,0.0857146,0.0999981,0.11428,0.128561,0.142838,0.157113,0.171383,0.185647,0.199904,0.214151,0.228386,0.242606,0.256808,0.270988,0.285141,0.299263,0.313349,0.327392,0.341388,0.355331,0.369214,0.383031,0.396778,0.410448,0.424036,0.437537,0.450946,0.46426,0.477475,0.490588,0.503597,0.516499,0.529292,0.541977,0.554553,0.567018,0.579375,0.591622,0.603762,0.615795,0.627723,0.639548,0.651271,0.662895
0,0.0142859,0.0285717,0.0428571,0.0571422,0.0714266,0.0857102,0.0999926,0.114273,0.128552,0.142828,0.157101,0.171369,0.185631,0.199885,0.214131,0.228364,0.242583,0.256785,0.270964,0.285118,0.299242,0.31333,0.327377,0.341377,0.355324,0.369213,0.383036,0.396789,0.410464,0.424058,0.437564,0.450979,0.464297,0.477516,0.490632,0.503643,0.516547,0.529342,0.542028,0.554604,0.56707,0.579426,0.591674,0.603813,0.615846,0.627774,0.639599,0.651322,0.662945
0,0.014285,0.0285699,0.0428544,0.0571383,0.0714214,0.0857033,0.0999838,0.114262,0.128538,0.142811,0.15708,0.171343,0.1856,0.199849,0.214088,0.228315,0.242527,0.25672,0.270892,0.285038,0.299153,0.313232,0.327271,0.341262,0.355201,0.369081,0.382897,0.396641,0.410309,0.423894,0.437392,0.450799,0.464109,0.47732,0.490428,0.503431,0.516328,0.529116,0.541795,0.554365,0.566826,0.579177,0.59142,0.603556,0.615586,0.627512,0.639335,0.651057,0.66268
0,0.0142838,0.0285673,0.0428504,0.0571326,0.0714137,0.0856932,0.0999708,0.114246,0.128518,0.142785,0.157048,0.171305,0.185554,0.199793,0.214022,0.228236,0.242435,0.256614,0.270769,0.284898,0.298994,0.313054,0.327073,0.341043,0.354961,0.368819,0.382612,0.396335,0.40998,0.423544,0.437021,0.450406,0.463696,0.476888,0.489977,0.502963,0.515843,0.528617,0.541282,0.553839,0.566288,0.57863,0.590865,0.602994,0.615018,0.626939,0.638759,0.650479,0.662102
0,0.014282,0.0285636,0.0428446,0.0571244,0.0714026,0.0856788,0.0999524,0.114223,0.128488,0.142749,0.157004,0.171251,0.185488,0.199715,0.213928,0.228125,0.242304,0.256461,0.270593,0.284695,0.298764,0.312794,0.32678,0.340718,0.354601,0.368425,0.382182,0.395869,0.409479,0.423007,0.43645,0.449802,0.46306,0.476221,0.489282,0.502241,0.515096,0.527846,0.540491,0.553029,0.565462,0.577789,0.590012,0.60213,0.614146,0.626061,0.637876,0.649594,0.661216
0,0.0142794,0.0285584,0.0428363,0.0571128,0.0713871,0.0856587,0.0999267,0.11419,0.128448,0.1427,0.156943,0.171177,0.185399,0.199608,0.213801,0.227976,0.242129,0.256257,0.270357,0.284425,0.298456,0.312446,0.326389,0.340282,0.354119,0.367895,0.381605,0.395243,0.408804,0.422285,0.435681,0.448989,0.462204,0.475324,0.488346,0.501269,0.514091,0.526811,0.539428,0.551941,0.564352,0.57666,0.588867,0.600972,0.612977,0.624884,0.636693,0.648407,0.660028
0,0.0142758,0.028551,0.0428248,0.0570966,0.0713656,0.0856309,0.0998915,0.114146,0.128394,0.142633,0.156863,0.17108,0.185283,0.199469,0.213637,0.227783,0.241903,0.255996,0.270056,0.28408,0.298064,0.312004,0.325895,0.339732,0.353511,0.367228,0.380877,0.394455,0.407957,0.421379,0.434717,0.447968,0.46113,0.4742,0.487174,0.500053,0.512834,0.525516,0.538099,0.550582,0.562966,0.575251,0.587437,0.599526,0.611518,0.623414,0.635217,0.646927,0.658546
0,0.0142708,0.0285407,0.0428089,0.0570744,0.0713362,0.0855931,0.099844,0.114087,0.128322,0.142546,0.156757,0.170953,0.185132,0.199291,0.213427,0.227537,0.241619,0.255668,0.26968,0.283652,0.297581,0.311461,0.325289,0.33906,0.352772,0.366419,0.379997,0.393504,0.406935,0.420288,0.433559,0.446745,0.459844,0.472854,0.485773,0.498599,0.511332,0.52397,0.536513,0.548961,0.561313,0.573571,0.585733,0.597803,0.609779,0.621664,0.633458,0.645163,0.65678
0,0.0142639,0.0285267,0.0427872,0.0570442,0.0712965,0.0855425,0.0997807,0.11401,0.128227,0.142431,0.15662,0.17079,0.184939,0.199065,0.213163,0.227232,0.241267,0.255264,0.269221,0.283133,0.296997,0.310809,0.324565,0.338261,0.351896,0.365464,0.378962,0.392389,0.405741,0.419015,0.432209,0.445322,0.45835,0.471293,0.484148,0.496915,0.509594,0.522182,0.534679,0.547086,0.559403,0.571629,0.583765,0.595812,0.607771,0.619642,0.631426,0.643126,0.654741
0,0.0142547,0.0285079,0.0427581,0.0570039,0.0712436,0.0854755,0.0996976,0.113908,0.128104,0.142284,0.156445,0.170583,0.184697,0.198783,0.212837,0.226856,0.240837,0.254775,0.268668,0.282512,0.296303,0.310039,0.323714,0.337328,0.350877,0.364358,0.377769,0.391108,0.404373,0.417561,0.430672,0.443704,0.456654,0.469523,0.482309,0.495011,0.507629,0.520162,0.532609,0.544971,0.557248,0.569439,0.581546,0.593568,0.605506,0.617362,0.629135,0.640828,0.652442
0,0.0142423,0.0284828,0.0427196,0.0569508,0.0711743,0.085388,0.0995896,0.113777,0.127947,0.142097,0.156224,0.170325,0.184396,0.198435,0.212437,0.2264,0.240319,0.25419,0.268012,0.28178,0.29549,0.309141,0.32273,0.336254,0.34971,0.363098,0.376415,0.38966,0.402832,0.415929,0.42895,0.441895,0.454763,0.467553,0.480264,0.492896,0.505448,0.517921,0.530314,0.542627,0.55486,0.567013,0.579087,0.591082,0.602998,0.614837,0.626599,0.638285,0.649896
0,0.0142262,0.02845,0.0426693,0.0568816,0.0710844,0.0852753,0.0994513,0.11361,0.127748,0.141862,0.155948,0.170005,0.184027,0.198011,0.211954,0.225851,0.239701,0.253498,0.26724,0.280925,0.294548,0.308108,0.321603,0.335031,0.34839,0.361679,0.374897,0.388044,0.401118,0.414119,0.427047,0.439902,0.452682,0.465389,0.478021,0.490579,0.503063,0.515472,0.527807,0.540068,0.552254,0.564367,0.576405,0.588371,0.600263,0.612084,0.623833,0.635511,0.64712
